#samples
#x y
-inf -2.635894
-2.190100 -2.588297
-2.040452 -2.585278
-1.948467 -2.572183
-1.880952 -2.562648
-1.827178 -2.398326
-1.782264 -2.380327
-1.743563 -2.357009
-1.709472 -2.338147
-1.678945 -2.336529
-1.651259 -2.336495
-1.625895 -2.322972
-1.602464 -2.270674
-1.580672 -2.233759
-1.560284 -2.218230
-1.541117 -2.190888
-1.523019 -2.162586
-1.505868 -2.156650
-1.489559 -2.152758
-1.474006 -2.152249
-1.459135 -2.147225
-1.444882 -2.143312
-1.431194 -2.134457
-1.418021 -2.128120
-1.405324 -2.119970
-1.393064 -2.117309
-1.381208 -2.061131
-1.369729 -2.052136
-1.358600 -2.050002
-1.347798 -2.048261
-1.337301 -2.025466
-1.327091 -2.023477
-1.317150 -2.010455
-1.307463 -2.004548
-1.298016 -2.002948
-1.288794 -2.000654
-1.279787 -1.995509
-1.270983 -1.989319
-1.262371 -1.988289
-1.253943 -1.983581
-1.245689 -1.978440
-1.237601 -1.977048
-1.229673 -1.965439
-1.221896 -1.959616
-1.214264 -1.948922
-1.206770 -1.948588
-1.199410 -1.944248
-1.192178 -1.935243
-1.185068 -1.930928
-1.178076 -1.925854
-1.171198 -1.921122
-1.164428 -1.920060
-1.157764 -1.908692
-1.151201 -1.905594
-1.144735 -1.902351
-1.138364 -1.899357
-1.132084 -1.896682
-1.125892 -1.896530
-1.119785 -1.892315
-1.113761 -1.891776
-1.107816 -1.890900
-1.101949 -1.888683
-1.096156 -1.886208
-1.090436 -1.883754
-1.084787 -1.883022
-1.079206 -1.866415
-1.073691 -1.863366
-1.068242 -1.861972
-1.062854 -1.857204
-1.057528 -1.827950
-1.052261 -1.827081
-1.047052 -1.799474
-1.041899 -1.799296
-1.036801 -1.795712
-1.031756 -1.793083
-1.026763 -1.791733
-1.021821 -1.789262
-1.016928 -1.777634
-1.012083 -1.773132
-1.007286 -1.767262
-1.002534 -1.754193
-0.997827 -1.750555
-0.993164 -1.745825
-0.988544 -1.744537
-0.983966 -1.737546
-0.979428 -1.725719
-0.974931 -1.722436
-0.970472 -1.721193
-0.966052 -1.717960
-0.961669 -1.713603
-0.957323 -1.697837
-0.953013 -1.694640
-0.948738 -1.693027
-0.944497 -1.688414
-0.940290 -1.683410
-0.936116 -1.681856
-0.931974 -1.680641
-0.927865 -1.668062
-0.923786 -1.664713
-0.919738 -1.658945
-0.915719 -1.656772
-0.911730 -1.656509
-0.907770 -1.641638
-0.903838 -1.640176
-0.899934 -1.637918
-0.896057 -1.637491
-0.892207 -1.634212
-0.888383 -1.622207
-0.884585 -1.620295
-0.880812 -1.616173
-0.877064 -1.614175
-0.873341 -1.604768
-0.869641 -1.601757
-0.865966 -1.594711
-0.862313 -1.594560
-0.858684 -1.568848
-0.855077 -1.566730
-0.851492 -1.560157
-0.847929 -1.544900
-0.844387 -1.537578
-0.840866 -1.533641
-0.837366 -1.532237
-0.833887 -1.528875
-0.830427 -1.524918
-0.826987 -1.521216
-0.823567 -1.521184
-0.820166 -1.518937
-0.816783 -1.514744
-0.813420 -1.514367
-0.810074 -1.494644
-0.806747 -1.492882
-0.803438 -1.483649
-0.800145 -1.480142
-0.796871 -1.479882
-0.793613 -1.462926
-0.790372 -1.462342
-0.787147 -1.462297
-0.783939 -1.460715
-0.780747 -1.457786
-0.777570 -1.453170
-0.774410 -1.444994
-0.771264 -1.438678
-0.768134 -1.426020
-0.765019 -1.424466
-0.761919 -1.422476
-0.758833 -1.406410
-0.755761 -1.405166
-0.752704 -1.404498
-0.749661 -1.404411
-0.746631 -1.403839
-0.743616 -1.402569
-0.740613 -1.401772
-0.737624 -1.401764
-0.734648 -1.393882
-0.731685 -1.385775
-0.728735 -1.385502
-0.725798 -1.383364
-0.722873 -1.374276
-0.719960 -1.371065
-0.717059 -1.368989
-0.714171 -1.368020
-0.711294 -1.367824
-0.708429 -1.364353
-0.705576 -1.359425
-0.702734 -1.352896
-0.699903 -1.351575
-0.697084 -1.348371
-0.694275 -1.342641
-0.691478 -1.337132
-0.688691 -1.335131
-0.685915 -1.331445
-0.683150 -1.328380
-0.680394 -1.316468
-0.677650 -1.314449
-0.674915 -1.310543
-0.672190 -1.306369
-0.669476 -1.305001
-0.666771 -1.295347
-0.664076 -1.292180
-0.661390 -1.292128
-0.658714 -1.289751
-0.656048 -1.286413
-0.653390 -1.285545
-0.650742 -1.285268
-0.648103 -1.282454
-0.645473 -1.280388
-0.642852 -1.274422
-0.640240 -1.272149
-0.637636 -1.272019
-0.635041 -1.271072
-0.632455 -1.257713
-0.629877 -1.256085
-0.627307 -1.250549
-0.624746 -1.246320
-0.622193 -1.229129
-0.619648 -1.226869
-0.617110 -1.223708
-0.614581 -1.223705
-0.612060 -1.221066
-0.609546 -1.218817
-0.607040 -1.218739
-0.604542 -1.215469
-0.602051 -1.213903
-0.599568 -1.213189
-0.597092 -1.210499
-0.594623 -1.208945
-0.592161 -1.206040
-0.589707 -1.204555
-0.587260 -1.192315
-0.584820 -1.180015
-0.582386 -1.173691
-0.579960 -1.172347
-0.577540 -1.170301
-0.575127 -1.168252
-0.572721 -1.166669
-0.570322 -1.164403
-0.567929 -1.161884
-0.565542 -1.160340
-0.563162 -1.150664
-0.560788 -1.148773
-0.558421 -1.148239
-0.556060 -1.147401
-0.553705 -1.145258
-0.551356 -1.145127
-0.549013 -1.143273
-0.546676 -1.135563
-0.544345 -1.124892
-0.542020 -1.124269
-0.539701 -1.117040
-0.537388 -1.116631
-0.535081 -1.116107
-0.532779 -1.115288
-0.530482 -1.111799
-0.528192 -1.111519
-0.525907 -1.109609
-0.523627 -1.106220
-0.521353 -1.105655
-0.519084 -1.102013
-0.516820 -1.100341
-0.514562 -1.100007
-0.512309 -1.098134
-0.510061 -1.098070
-0.507819 -1.094411
-0.505581 -1.094352
-0.503348 -1.093179
-0.501121 -1.087742
-0.498898 -1.084396
-0.496681 -1.081814
-0.494468 -1.078794
-0.492260 -1.076759
-0.490057 -1.068144
-0.487859 -1.067530
-0.485665 -1.061712
-0.483476 -1.056748
-0.481291 -1.055495
-0.479112 -1.055202
-0.476936 -1.055186
-0.474766 -1.055086
-0.472599 -1.050151
-0.470437 -1.045549
-0.468280 -1.044886
-0.466127 -1.043490
-0.463978 -1.041641
-0.461833 -1.037362
-0.459693 -1.035795
-0.457557 -1.035484
-0.455425 -1.033257
-0.453297 -1.031974
-0.451173 -1.029706
-0.449054 -1.027852
-0.446938 -1.023944
-0.444827 -1.021105
-0.442719 -1.020561
-0.440615 -1.013936
-0.438515 -1.008829
-0.436419 -1.004843
-0.434327 -1.004739
-0.432239 -1.002962
-0.430154 -1.000444
-0.428073 -0.997310
-0.425996 -0.994187
-0.423923 -0.990869
-0.421853 -0.987728
-0.419787 -0.982061
-0.417724 -0.978368
-0.415665 -0.977276
-0.413609 -0.972982
-0.411557 -0.971991
-0.409508 -0.971327
-0.407463 -0.970169
-0.405421 -0.968973
-0.403383 -0.967305
-0.401348 -0.956822
-0.399316 -0.955437
-0.397287 -0.952315
-0.395262 -0.947197
-0.393240 -0.946315
-0.391221 -0.944998
-0.389206 -0.944598
-0.387193 -0.944384
-0.385184 -0.944149
-0.383178 -0.943178
-0.381175 -0.937506
-0.379175 -0.931701
-0.377178 -0.929265
-0.375184 -0.928389
-0.373193 -0.927445
-0.371204 -0.925404
-0.369219 -0.922526
-0.367237 -0.919162
-0.365258 -0.918205
-0.363281 -0.915650
-0.361307 -0.908521
-0.359337 -0.907741
-0.357368 -0.905578
-0.355403 -0.903916
-0.353441 -0.903628
-0.351481 -0.901667
-0.349523 -0.900261
-0.347569 -0.898644
-0.345617 -0.897669
-0.343668 -0.895091
-0.341721 -0.891714
-0.339777 -0.887856
-0.337836 -0.887131
-0.335897 -0.880731
-0.333961 -0.878430
-0.332027 -0.864878
-0.330095 -0.863321
-0.328166 -0.860567
-0.326240 -0.858699
-0.324316 -0.858416
-0.322394 -0.857884
-0.320475 -0.857685
-0.318558 -0.857484
-0.316643 -0.857313
-0.314731 -0.853324
-0.312821 -0.850806
-0.310913 -0.850687
-0.309008 -0.848238
-0.307104 -0.847680
-0.305203 -0.834491
-0.303305 -0.833888
-0.301408 -0.827143
-0.299514 -0.826309
-0.297621 -0.824243
-0.295731 -0.819203
-0.293843 -0.815222
-0.291957 -0.812568
-0.290073 -0.810147
-0.288191 -0.809396
-0.286312 -0.806982
-0.284434 -0.806487
-0.282558 -0.806243
-0.280684 -0.803177
-0.278812 -0.802912
-0.276943 -0.797270
-0.275075 -0.795215
-0.273209 -0.791001
-0.271345 -0.787984
-0.269482 -0.787123
-0.267622 -0.786370
-0.265763 -0.781590
-0.263907 -0.779260
-0.262052 -0.776919
-0.260199 -0.774734
-0.258348 -0.773214
-0.256498 -0.770592
-0.254650 -0.767902
-0.252804 -0.765967
-0.250960 -0.762881
-0.249117 -0.760555
-0.247277 -0.760298
-0.245437 -0.758735
-0.243600 -0.751055
-0.241764 -0.750571
-0.239930 -0.748499
-0.238097 -0.748460
-0.236266 -0.742677
-0.234436 -0.742039
-0.232608 -0.739757
-0.230782 -0.734585
-0.228957 -0.732111
-0.227134 -0.731646
-0.225312 -0.730359
-0.223492 -0.728681
-0.221673 -0.720296
-0.219856 -0.720258
-0.218040 -0.719382
-0.216225 -0.715973
-0.214412 -0.712934
-0.212600 -0.710585
-0.210790 -0.707865
-0.208981 -0.706118
-0.207174 -0.703390
-0.205368 -0.700067
-0.203563 -0.685576
-0.201759 -0.685106
-0.199957 -0.680212
-0.198156 -0.676534
-0.196357 -0.671765
-0.194558 -0.669977
-0.192761 -0.667365
-0.190966 -0.665686
-0.189171 -0.659288
-0.187378 -0.657209
-0.185585 -0.643854
-0.183795 -0.636404
-0.182005 -0.636216
-0.180216 -0.636163
-0.178429 -0.634648
-0.176642 -0.633693
-0.174857 -0.633417
-0.173073 -0.630746
-0.171290 -0.630608
-0.169508 -0.629067
-0.167727 -0.628313
-0.165947 -0.628134
-0.164169 -0.625538
-0.162391 -0.616935
-0.160614 -0.616286
-0.158839 -0.616042
-0.157064 -0.612673
-0.155290 -0.611100
-0.153518 -0.609761
-0.151746 -0.607779
-0.149975 -0.601599
-0.148206 -0.600525
-0.146437 -0.600521
-0.144669 -0.599248
-0.142902 -0.596487
-0.141135 -0.594482
-0.139370 -0.586246
-0.137606 -0.585199
-0.135842 -0.584407
-0.134079 -0.581162
-0.132317 -0.575295
-0.130556 -0.568257
-0.128796 -0.567250
-0.127037 -0.566133
-0.125278 -0.560326
-0.123520 -0.557832
-0.121763 -0.557161
-0.120007 -0.554083
-0.118251 -0.550831
-0.116496 -0.549854
-0.114742 -0.548888
-0.112988 -0.548690
-0.111235 -0.546948
-0.109483 -0.546312
-0.107732 -0.546140
-0.105981 -0.544178
-0.104231 -0.536406
-0.102481 -0.525365
-0.100733 -0.519780
-0.098984 -0.518664
-0.097237 -0.518592
-0.095490 -0.518222
-0.093743 -0.517337
-0.091997 -0.513726
-0.090252 -0.511691
-0.088507 -0.508126
-0.086763 -0.504213
-0.085019 -0.503072
-0.083276 -0.502831
-0.081533 -0.502579
-0.079791 -0.502375
-0.078049 -0.501744
-0.076308 -0.499656
-0.074567 -0.493144
-0.072827 -0.490951
-0.071087 -0.490855
-0.069347 -0.488686
-0.067608 -0.483069
-0.065870 -0.481225
-0.064132 -0.480576
-0.062394 -0.476225
-0.060656 -0.471858
-0.058919 -0.470595
-0.057182 -0.463737
-0.055446 -0.456844
-0.053710 -0.455582
-0.051974 -0.449959
-0.050239 -0.449609
-0.048504 -0.448915
-0.046769 -0.448630
-0.045034 -0.446796
-0.043300 -0.443718
-0.041566 -0.443489
-0.039832 -0.441796
-0.038098 -0.437258
-0.036365 -0.434087
-0.034632 -0.433037
-0.032899 -0.429447
-0.031167 -0.425067
-0.029434 -0.425030
-0.027702 -0.423039
-0.025970 -0.422635
-0.024238 -0.419259
-0.022506 -0.415382
-0.020774 -0.412703
-0.019042 -0.410753
-0.017311 -0.409078
-0.015579 -0.405128
-0.013848 -0.403887
-0.012117 -0.403711
-0.010386 -0.399174
-0.008655 -0.393026
-0.006924 -0.391918
-0.005193 -0.389459
-0.003462 -0.389452
-0.001731 -0.387259
0.000000 -0.386353
0.001731 -0.384407
0.003462 -0.380794
0.005193 -0.380704
0.006924 -0.378131
0.008655 -0.377830
0.010386 -0.376510
0.012117 -0.370989
0.013848 -0.370638
0.015579 -0.367717
0.017311 -0.366665
0.019042 -0.361003
0.020774 -0.352129
0.022506 -0.347984
0.024238 -0.346726
0.025970 -0.345588
0.027702 -0.344954
0.029434 -0.344352
0.031167 -0.343949
0.032899 -0.343272
0.034632 -0.340822
0.036365 -0.337610
0.038098 -0.337186
0.039832 -0.336327
0.041566 -0.335935
0.043300 -0.332976
0.045034 -0.331024
0.046769 -0.329009
0.048504 -0.327604
0.050239 -0.324831
0.051974 -0.323036
0.053710 -0.319340
0.055446 -0.312192
0.057182 -0.311498
0.058919 -0.309777
0.060656 -0.305302
0.062394 -0.302637
0.064132 -0.301585
0.065870 -0.300249
0.067608 -0.298341
0.069347 -0.294720
0.071087 -0.290860
0.072827 -0.290366
0.074567 -0.288119
0.076308 -0.283731
0.078049 -0.283493
0.079791 -0.280465
0.081533 -0.279912
0.083276 -0.271991
0.085019 -0.271836
0.086763 -0.268916
0.088507 -0.268527
0.090252 -0.266353
0.091997 -0.257507
0.093743 -0.256941
0.095490 -0.256426
0.097237 -0.256341
0.098984 -0.251507
0.100733 -0.250597
0.102481 -0.247678
0.104231 -0.243886
0.105981 -0.235928
0.107732 -0.227651
0.109483 -0.223532
0.111235 -0.219232
0.112988 -0.217107
0.114742 -0.211950
0.116496 -0.210657
0.118251 -0.197690
0.120007 -0.192494
0.121763 -0.191862
0.123520 -0.186303
0.125278 -0.185767
0.127037 -0.179669
0.128796 -0.178354
0.130556 -0.175527
0.132317 -0.175021
0.134079 -0.171125
0.135842 -0.168839
0.137606 -0.168403
0.139370 -0.165235
0.141135 -0.156708
0.142902 -0.154207
0.144669 -0.152308
0.146437 -0.150171
0.148206 -0.147313
0.149975 -0.138608
0.151746 -0.135894
0.153518 -0.134067
0.155290 -0.131633
0.157064 -0.128541
0.158839 -0.128255
0.160614 -0.127640
0.162391 -0.127081
0.164169 -0.126919
0.165947 -0.126383
0.167727 -0.125992
0.169508 -0.122974
0.171290 -0.122760
0.173073 -0.122319
0.174857 -0.121046
0.176642 -0.119734
0.178429 -0.110124
0.180216 -0.109865
0.182005 -0.109473
0.183795 -0.106349
0.185585 -0.104527
0.187378 -0.104418
0.189171 -0.101756
0.190966 -0.100890
0.192761 -0.088853
0.194558 -0.087150
0.196357 -0.086987
0.198156 -0.082273
0.199957 -0.082264
0.201759 -0.078262
0.203563 -0.076370
0.205368 -0.074609
0.207174 -0.071845
0.208981 -0.070711
0.210790 -0.068576
0.212600 -0.063999
0.214412 -0.054792
0.216225 -0.053565
0.218040 -0.052877
0.219856 -0.052292
0.221673 -0.052078
0.223492 -0.048859
0.225312 -0.048014
0.227134 -0.046189
0.228957 -0.045969
0.230782 -0.036757
0.232608 -0.033930
0.234436 -0.032407
0.236266 -0.031060
0.238097 -0.024832
0.239930 -0.014881
0.241764 -0.013361
0.243600 -0.011820
0.245437 -0.008616
0.247277 -0.002823
0.249117 0.000029
0.250960 0.001960
0.252804 0.004661
0.254650 0.008626
0.256498 0.009054
0.258348 0.011602
0.260199 0.015066
0.262052 0.019472
0.263907 0.022479
0.265763 0.025416
0.267622 0.027160
0.269482 0.032112
0.271345 0.032522
0.273209 0.035724
0.275075 0.040367
0.276943 0.040940
0.278812 0.041102
0.280684 0.042318
0.282558 0.047671
0.284434 0.047738
0.286312 0.049514
0.288191 0.049940
0.290073 0.053129
0.291957 0.057352
0.293843 0.062534
0.295731 0.062707
0.297621 0.064784
0.299514 0.072012
0.301408 0.074017
0.303305 0.080407
0.305203 0.083012
0.307104 0.084569
0.309008 0.084788
0.310913 0.085644
0.312821 0.086343
0.314731 0.092780
0.316643 0.092950
0.318558 0.094672
0.320475 0.096093
0.322394 0.101128
0.324316 0.101329
0.326240 0.104364
0.328166 0.105235
0.330095 0.112452
0.332027 0.118279
0.333961 0.120887
0.335897 0.123101
0.337836 0.125645
0.339777 0.128400
0.341721 0.130469
0.343668 0.130963
0.345617 0.133785
0.347569 0.134709
0.349523 0.143649
0.351481 0.148701
0.353441 0.150824
0.355403 0.155891
0.357368 0.157810
0.359337 0.157902
0.361307 0.159225
0.363281 0.159408
0.365258 0.170156
0.367237 0.179136
0.369219 0.184776
0.371204 0.185381
0.373193 0.186590
0.375184 0.187446
0.377178 0.190972
0.379175 0.192165
0.381175 0.192255
0.383178 0.192421
0.385184 0.193321
0.387193 0.196374
0.389206 0.197279
0.391221 0.203744
0.393240 0.210381
0.395262 0.216707
0.397287 0.218165
0.399316 0.220880
0.401348 0.224401
0.403383 0.231508
0.405421 0.236505
0.407463 0.236609
0.409508 0.245066
0.411557 0.250705
0.413609 0.252111
0.415665 0.253647
0.417724 0.253671
0.419787 0.258618
0.421853 0.260089
0.423923 0.266306
0.425996 0.270171
0.428073 0.275770
0.430154 0.283360
0.432239 0.287593
0.434327 0.289860
0.436419 0.291269
0.438515 0.291556
0.440615 0.291993
0.442719 0.292465
0.444827 0.295027
0.446938 0.299315
0.449054 0.317622
0.451173 0.319860
0.453297 0.320329
0.455425 0.322725
0.457557 0.326464
0.459693 0.326847
0.461833 0.329105
0.463978 0.331026
0.466127 0.340392
0.468280 0.343702
0.470437 0.355689
0.472599 0.355804
0.474766 0.359479
0.476936 0.363185
0.479112 0.363307
0.481291 0.370838
0.483476 0.373854
0.485665 0.375559
0.487859 0.376954
0.490057 0.381487
0.492260 0.384489
0.494468 0.386054
0.496681 0.387364
0.498898 0.387401
0.501121 0.389814
0.503348 0.396364
0.505581 0.403724
0.507819 0.407337
0.510061 0.413721
0.512309 0.414157
0.514562 0.415295
0.516820 0.419838
0.519084 0.426365
0.521353 0.430210
0.523627 0.432725
0.525907 0.440269
0.528192 0.440298
0.530482 0.442995
0.532779 0.445109
0.535081 0.452193
0.537388 0.456435
0.539701 0.458772
0.542020 0.460035
0.544345 0.461012
0.546676 0.461896
0.549013 0.472679
0.551356 0.473093
0.553705 0.473642
0.556060 0.475609
0.558421 0.476419
0.560788 0.481154
0.563162 0.485913
0.565542 0.486119
0.567929 0.488737
0.570322 0.493572
0.572721 0.494296
0.575127 0.500111
0.577540 0.504053
0.579960 0.504821
0.582386 0.505263
0.584820 0.507559
0.587260 0.510355
0.589707 0.511292
0.592161 0.512521
0.594623 0.514072
0.597092 0.515051
0.599568 0.517234
0.602051 0.527624
0.604542 0.531020
0.607040 0.535209
0.609546 0.547713
0.612060 0.553223
0.614581 0.556391
0.617110 0.564495
0.619648 0.564580
0.622193 0.566973
0.624746 0.568262
0.627307 0.569626
0.629877 0.571862
0.632455 0.571940
0.635041 0.575686
0.637636 0.578269
0.640240 0.578411
0.642852 0.588727
0.645473 0.591264
0.648103 0.593735
0.650742 0.601431
0.653390 0.604675
0.656048 0.605968
0.658714 0.608061
0.661390 0.610141
0.664076 0.617455
0.666771 0.619311
0.669476 0.620418
0.672190 0.629665
0.674915 0.630100
0.677650 0.636820
0.680394 0.637245
0.683150 0.648232
0.685915 0.657860
0.688691 0.659049
0.691478 0.660724
0.694275 0.666148
0.697084 0.670492
0.699903 0.677783
0.702734 0.679368
0.705576 0.682505
0.708429 0.689953
0.711294 0.693520
0.714171 0.693821
0.717059 0.694981
0.719960 0.695621
0.722873 0.696536
0.725798 0.698397
0.728735 0.705436
0.731685 0.710465
0.734648 0.718039
0.737624 0.719530
0.740613 0.720434
0.743616 0.731293
0.746631 0.745754
0.749661 0.749794
0.752704 0.754370
0.755761 0.758173
0.758833 0.758186
0.761919 0.761060
0.765019 0.761455
0.768134 0.763029
0.771264 0.765500
0.774410 0.765589
0.777570 0.773565
0.780747 0.774929
0.783939 0.776216
0.787147 0.792234
0.790372 0.801673
0.793613 0.802575
0.796871 0.804809
0.800145 0.810303
0.803438 0.818027
0.806747 0.819114
0.810074 0.824339
0.813420 0.826490
0.816783 0.831096
0.820166 0.832690
0.823567 0.833922
0.826987 0.834535
0.830427 0.844881
0.833887 0.846412
0.837366 0.846769
0.840866 0.848748
0.844387 0.854176
0.847929 0.860181
0.851492 0.863635
0.855077 0.870605
0.858684 0.872972
0.862313 0.873450
0.865966 0.882581
0.869641 0.882938
0.873341 0.905409
0.877064 0.922070
0.880812 0.922124
0.884585 0.936976
0.888383 0.937625
0.892207 0.942523
0.896057 0.946208
0.899934 0.946843
0.903838 0.949420
0.907770 0.960857
0.911730 0.961473
0.915719 0.962653
0.919738 0.968274
0.923786 0.971859
0.927865 0.972023
0.931974 0.976248
0.936116 0.979917
0.940290 0.980382
0.944497 0.992333
0.948738 0.993216
0.953013 0.994703
0.957323 1.008713
0.961669 1.008968
0.966052 1.013152
0.970472 1.039680
0.974931 1.041260
0.979428 1.042390
0.983966 1.044203
0.988544 1.065398
0.993164 1.066242
0.997827 1.075750
1.002534 1.082003
1.007286 1.097169
1.012083 1.099490
1.016928 1.101267
1.021821 1.114509
1.026763 1.118340
1.031756 1.120524
1.036801 1.121142
1.041899 1.122444
1.047052 1.137695
1.052261 1.146756
1.057528 1.154098
1.062854 1.158478
1.068242 1.162561
1.073691 1.164377
1.079206 1.166405
1.084787 1.169634
1.090436 1.171432
1.096156 1.175568
1.101949 1.178749
1.107816 1.181093
1.113761 1.181906
1.119785 1.186916
1.125892 1.189385
1.132084 1.200868
1.138364 1.201345
1.144735 1.203015
1.151201 1.216406
1.157764 1.222451
1.164428 1.235361
1.171198 1.245124
1.178076 1.245364
1.185068 1.263017
1.192178 1.266685
1.199410 1.268021
1.206770 1.270611
1.214264 1.287841
1.221896 1.318298
1.229673 1.326659
1.237601 1.360238
1.245689 1.389469
1.253943 1.401458
1.262371 1.406863
1.270983 1.424382
1.279787 1.435813
1.288794 1.454059
1.298016 1.459465
1.307463 1.462023
1.317150 1.466617
1.327091 1.468325
1.337301 1.471638
1.347798 1.475769
1.358600 1.493857
1.369729 1.521294
1.381208 1.522986
1.393064 1.530534
1.405324 1.541393
1.418021 1.586293
1.431194 1.610246
1.444882 1.611427
1.459135 1.639463
1.474006 1.652404
1.489559 1.653693
1.505868 1.695681
1.523019 1.703714
1.541117 1.729853
1.560284 1.733769
1.580672 1.747401
1.602464 1.796785
1.625895 1.825882
1.651259 1.877161
1.678945 1.975998
1.709472 2.011846
1.743563 2.049311
1.782264 2.060321
1.827178 2.101645
1.880952 2.339139
1.948467 2.344661
2.040452 2.763627
2.190100 2.943143
